local function createParts(Size, CFrame)
    local size = Size
    local cframe = CFrame

    local part = Instance.new("Part")
    part.Size = size
    part.CFrame = cframe
    part.Anchored = true
    part.CanCollide = true
    part.Transparency = 0
    part.Color = Color3.fromRGB(255, 0, 0)

    part.Parent = workspace

    local highlight = Instance.new("Highlight")
    highlight.FillColor = Color3.fromRGB(255, 0, 0)
    highlight.FillTransparency = 0
    highlight.Parent = part
end
createParts(Vector3.new(15, 1, 45), CFrame.new(237.287537, 98.6303635, 145.430832, -0.0137257231, 0.009610896, 0.999859631, 0.573576331, 0.819152057, -3.57042147e-08, -0.81903708, 0.573495865, -0.0167560373))
createParts(Vector3.new(10, 1, 5), CFrame.new(230.05275, 107.451981, 91.0173264, -0.561256826, -3.43324125e-08, 0.827641666, -1.24129595e-08, 1, 3.30644916e-08, -0.827641666, 8.28418933e-09, -0.561256826))
createParts(Vector3.new(10, 1, 13), CFrame.new(235.806305, 104.051987, 87.6975632, -0.511800706, 0.49276188, 0.70373702, -1.12890657e-08, 0.819152117, -0.573576391, -0.859104216, -0.293556809, -0.41924262))
createParts(Vector3.new(10, 30, 10), CFrame.new(359.000305, 115.484596, 87, 0, 0, 1, 0, 1, 0, -1, 0, 0))
createParts(Vector3.new(9, 1, 8), CFrame.new(178.830002, 113.209999, 344.220001, -1.1313336e-08, -0.258818954, 0.965925872, -1.48942902e-09, 0.965925872, 0.258818954, -1, 1.48942902e-09, -1.1313336e-08))
createParts(Vector3.new(17.354660034179688, 21.770000457763672, 5.948921203613281), CFrame.new(260.816833, 104.585175, 143.018829, 1, 0, 0, 0, 1, 0, 0, 0, 1))
createParts(Vector3.new(6, 1, 11), CFrame.new(266.380005, 106.480003, 202.100006, -0.258818954, 2.26266721e-08, 0.965925872, 1.71866702e-07, 1, 2.26266721e-08, -0.965925872, 1.71866702e-07, -0.258818954))
createParts(Vector3.new(6, 1, 13), CFrame.new(255.550003, 105.980003, 210.759995, 0.866025388, 0, -0.5, 0, 1, 0, 0.5, 0, 0.866025388))
createParts(Vector3.new(6, 1, 12), CFrame.new(245.179993, 107.18, 221.949997, -1.1313336e-08, 0.258818954, -0.965925872, 1.48942902e-09, 0.965925872, 0.258818954, 1, 1.48942902e-09, -1.1313336e-08))
createParts(Vector3.new(6, 1, 10), CFrame.new(230.110001, 109.379997, 223.729996, 0.49999997, 0, -0.866025448, 0, 1, 0, 0.866025448, 0, 0.49999997))
createParts(Vector3.new(8, 1, 10), CFrame.new(219.220001, 110.919998, 232.130005, 1, 0, 0, 0, 0.965925813, 0.258819044, 0, -0.258819044, 0.965925813))
createParts(Vector3.new(7.5, 1, 11), CFrame.new(216.600006, 110.379997, 247.259995, 1, 0, 0, 0, 0.965925813, -0.258819044, 0, 0.258819044, 0.965925813))
createParts(Vector3.new(7, 1, 8.5), CFrame.new(216.649994, 110.379997, 257.959991, 1, 0, 0, 0, 0.965925813, 0.258819044, 0, -0.258819044, 0.965925813))
createParts(Vector3.new(12.5, 1, 15), CFrame.new(370.109985, 116.480003, 77.3399963, -2.18556924e-08, -0.49999997, 0.866025448, -5.85621507e-09, 0.866025448, 0.49999997, -1, 5.85621507e-09, -2.18556924e-08))
createParts(Vector3.new(8, 1, 30.5), CFrame.new(391.220001, 117.260002, 44.7299995, 0.98478049, 0.160381705, 0.0669704825, -0.126897544, 0.926788926, -0.353495657, -0.118761733, 0.339617223, 0.933035731))
createParts(Vector3.new(9, 1, 19.5), CFrame.new(413.660004, 129.979996, 23.4300003, 0.258818954, 0, -0.965925872, 0, 1, 0, 0.965925872, 0, 0.258818954))
createParts(Vector3.new(6.5, 1, 26), CFrame.new(436.540009, 127.690002, 21.2099991, -1.1313336e-08, 0.258818954, -0.965925872, 1.48942902e-09, 0.965925872, 0.258818954, 1, 1.48942902e-09, -1.1313336e-08))
createParts(Vector3.new(4, 1, 22.5), CFrame.new(468.540009, 127.040001, 27.6100006, -0.0085140178, -0.250065982, -0.968191385, 0.0669334978, 0.965912461, -0.250065982, 0.997721076, -0.0669334978, 0.00851399638))
createParts(Vector3.new(4, 1, 23.5), CFrame.new(489.549988, 145.520004, 31.3799992, 1, 0, 0, 0, 0.0697565079, 0.997564077, 0, -0.997564077, 0.0697565079))
createParts(Vector3.new(4, 1, 13), CFrame.new(461.350006, 157.720001, 27.2900009, 0.701819181, 0.366278559, 0.61097455, -0.121790856, 0.906750441, -0.40369612, -0.701866686, 0.208910555, 0.680984199))
createParts(Vector3.new(4, 1, 16.5), CFrame.new(443.559998, 161.75, 26.7000008, 0.258874089, 0.483000576, -0.836477518, -3.37660313e-05, 0.866003036, 0.500038803, 0.96591109, -0.12941882, 0.224202067))
createParts(Vector3.new(10, 1, 38), CFrame.new(238.979996, 104.25, 112.010002, 0.866025388, 0.5, 0, -0.5, 0.866025388, 0, 0, 0, 1))
createParts(Vector3.new(13, 1, 38), CFrame.new(225.470001, 110.5, 110.970001, 0.866025388, 0.5, 0, -0.5, 0.866025388, 0, 0, 0, 1))
createParts(Vector3.new(9, 1, 59), CFrame.new(208.380005, 116, 111.459999, 0.866025388, 0.5, 0, -0.5, 0.866025388, 0, 0, 0, 1))
createParts(Vector3.new(56, 1, 8), CFrame.new(201.899994, 104.75, 46.7700005, 0.967301726, 0.11876972, -0.224100664, 0.00952259451, 0.865948796, 0.500041962, 0.253449559, -0.485825449, 0.83650279))
createParts(Vector3.new(40, 1, 20), CFrame.new(184.960007, 110.75, 63.0900002, 1, 0, 0, 0, 0.707106769, 0.707106769, 0, -0.707106769, 0.707106769))
createParts(Vector3.new(21, 1, 9), CFrame.new(216.729996, 108, 65.8600006, 0.707088113, 0.35362041, -0.612355232, -0.000103294849, 0.866029918, 0.499992162, 0.707125425, -0.353475273, 0.612396002))
createParts(Vector3.new(7, 9, 7), CFrame.new(208.470001, 114.25, 79.6800003, 1, 0, 0, 0, 1, 0, 0, 0, 1))
createParts(Vector3.new(6, 1, 9), CFrame.new(220.009995, 112.940002, 289.850006, 0.866025388, 0, 0.5, 0, 1, 0, -0.5, 0, 0.866025388))
createParts(Vector3.new(8, 1, 11), CFrame.new(228.009995, 112.980003, 302.040009, 0.866025388, 0, 0.5, 0, 1, 0, -0.5, 0, 0.866025388))
createParts(Vector3.new(6, 1, 11), CFrame.new(233.649994, 112.980003, 315.339996, 0.965925813, 0, 0.258819044, 0, 1, 0, -0.258819044, 0, 0.965925813))
createParts(Vector3.new(8, 1, 12), CFrame.new(231.779999, 113.980003, 329.450012, 0.866025388, 0, -0.5, 0, 1, 0, 0.5, 0, 0.866025388))
createParts(Vector3.new(6, 1, 12), CFrame.new(221.720001, 113.309998, 341.859985, 0.707103789, -0.183001146, -0.683018923, 2.81333923e-05, 0.965937793, -0.25877443, 0.707109809, 0.182961166, 0.683023393))
createParts(Vector3.new(7, 1, 12), CFrame.new(207.789993, 112.980003, 346.980011, -4.37113883e-08, 0, -1, 0, 1, 0, 1, 0, -4.37113883e-08))
createParts(Vector3.new(6, 1, 15), CFrame.new(192.009995, 113.980003, 345.549988, -0.258818954, -2.26266721e-08, -0.965925872, -2.97885805e-09, 1, -2.26266721e-08, 0.965925872, -2.97885805e-09, -0.258818954))
