repeat
    task.wait()
until game:IsLoaded()
print("Game Loaded")
repeat
    if game:GetService("Players").LocalPlayer.PlayerGui.Main:FindFirstChild("ChooseTeam") then
        if game:GetService("Players").LocalPlayer.PlayerGui.Main.ChooseTeam.Visible == true then
            if getgenv().Team == "Marines" then
                for i,v in pairs({"MouseButton1Click", "MouseButton1Down", "Activated"}) do
                    for i,v in pairs(getconnections(game:GetService("Players").LocalPlayer.PlayerGui.Main.ChooseTeam.Container.Marines.Frame.TextButton[v])) do
                        v.Function()
                    end
                end
            else
                for i,v in pairs({"MouseButton1Click", "MouseButton1Down", "Activated"}) do
                    for i,v in pairs(getconnections(game:GetService("Players").LocalPlayer.PlayerGui.Main.ChooseTeam.Container.Pirates.Frame.TextButton[v])) do
                        v.Function()
                    end
                end
            end
        end
    end
    task.wait()
until not game:GetService("Players").LocalPlayer.PlayerGui.Main:FindFirstChild("ChooseTeam") and not game.Players.localPlayer.Neutral

--[[
    $$$$$$$$\ $$\      $$\   $$\ $$$$$$$$\ $$\   $$\ $$$$$$$$\ 
    $$  _____|$$ |     $$ |  $$ |$$  _____|$$$\  $$ |\__$$  __|
    $$ |      $$ |     $$ |  $$ |$$ |      $$$$\ $$ |   $$ |   
    $$$$$\    $$ |     $$ |  $$ |$$$$$\    $$ $$\$$ |   $$ |   
    $$  __|   $$ |     $$ |  $$ |$$  __|   $$ \$$$$ |   $$ |   
    $$ |      $$ |     $$ |  $$ |$$ |      $$ |\$$$ |   $$ |   
    $$ |      $$$$$$$$\\$$$$$$  |$$$$$$$$\ $$ | \$$ |   $$ |   
    \__|      \________|\______/ \________|\__|  \__|   \__|
]]

local Fluent, SaveManager, InterfaceManager, Window

repeat
    pcall(function()
        Fluent = loadstring(game:HttpGet("https://github.com/dawid-scripts/Fluent/releases/latest/download/main.lua"))()
        SaveManager = loadstring(game:HttpGet("https://raw.githubusercontent.com/dawid-scripts/Fluent/master/Addons/SaveManager.lua"))()
        InterfaceManager = loadstring(game:HttpGet("https://raw.githubusercontent.com/dawid-scripts/Fluent/master/Addons/InterfaceManager.lua"))()
    end)
    print("Loaded Ui")
    wait(10)
until Fluent ~= nil

repeat task.wait() until Fluent and SaveManager and InterfaceManager

--[[
 $$$$$$\   $$$$$$\   $$$$$$\  $$$$$$$$\ $$$$$$$$\ 
$$  __$$\ $$  __$$\ $$  __$$\ $$  _____|\__$$  __|
$$ /  $$ |$$ /  \__|$$ /  \__|$$ |         $$ |   
$$$$$$$$ |\$$$$$$\  \$$$$$$\  $$$$$\       $$ |   
$$  __$$ | \____$$\  \____$$\ $$  __|      $$ |   
$$ |  $$ |$$\   $$ |$$\   $$ |$$ |         $$ |   
$$ |  $$ |\$$$$$$  |\$$$$$$  |$$$$$$$$\    $$ |   
\__|  \__| \______/  \______/ \________|   \__|   
]]
if game:GetService("CoreGui"):FindFirstChild("TTJY ASSET") then
    game:GetService("CoreGui")["TTJY ASSET"]:Destroy()
end
task.wait()
local Converted = {
	["_TTJY ASSET"] = Instance.new("ScreenGui");
	["_TTJY HUB"] = Instance.new("Frame");
	["_UIStroke"] = Instance.new("UIStroke");
	["_UICorner"] = Instance.new("UICorner");
	["_TextButton"] = Instance.new("TextButton");
	["_UIStroke1"] = Instance.new("UIStroke");
	["_Stop Hop"] = Instance.new("Frame");
	["_UIStroke2"] = Instance.new("UIStroke");
	["_UICorner1"] = Instance.new("UICorner");
	["_TextButton1"] = Instance.new("TextButton");
	["_UIStroke3"] = Instance.new("UIStroke");
	["_STOP TP"] = Instance.new("Frame");
	["_UIStroke4"] = Instance.new("UIStroke");
	["_UICorner2"] = Instance.new("UICorner");
	["_TextButton2"] = Instance.new("TextButton");
	["_UIStroke5"] = Instance.new("UIStroke");
	["_STATUS"] = Instance.new("Frame");
	["_UIStroke6"] = Instance.new("UIStroke");
	["_UICorner3"] = Instance.new("UICorner");
	["_ImageButton"] = Instance.new("ImageButton");
}

-- Properties:

Converted["_TTJY ASSET"].ZIndexBehavior = Enum.ZIndexBehavior.Sibling
Converted["_TTJY ASSET"].Name = "TTJY ASSET"
Converted["_TTJY ASSET"].Parent = game:GetService("CoreGui")

Converted["_TTJY HUB"].BackgroundColor3 = Color3.fromRGB(56.0000042617321, 56.0000042617321, 56.0000042617321)
Converted["_TTJY HUB"].BackgroundTransparency = 0.4000000059604645
Converted["_TTJY HUB"].BorderColor3 = Color3.fromRGB(0, 0, 0)
Converted["_TTJY HUB"].BorderSizePixel = 0
Converted["_TTJY HUB"].Position = UDim2.new(0.465000004, 0, -0.1, 0)
Converted["_TTJY HUB"].Size = UDim2.new(0.0700000003, 0, 0.100000001, 0)
Converted["_TTJY HUB"].ZIndex = 2
Converted["_TTJY HUB"].Name = "TTJY HUB"
Converted["_TTJY HUB"].Parent = Converted["_TTJY ASSET"]

Converted["_UIStroke"].LineJoinMode = Enum.LineJoinMode.Bevel
Converted["_UIStroke"].Thickness = 3
Converted["_UIStroke"].Parent = Converted["_TTJY HUB"]

Converted["_UICorner"].Parent = Converted["_TTJY HUB"]

Converted["_TextButton"].Font = Enum.Font.SourceSans
Converted["_TextButton"].Text = "TTJY HUB"
Converted["_TextButton"].TextColor3 = Color3.fromRGB(0, 255, 0)
Converted["_TextButton"].TextScaled = true
Converted["_TextButton"].TextSize = 14
Converted["_TextButton"].TextWrapped = true
Converted["_TextButton"].BackgroundColor3 = Color3.fromRGB(255, 255, 255)
Converted["_TextButton"].BackgroundTransparency = 1
Converted["_TextButton"].BorderColor3 = Color3.fromRGB(0, 0, 0)
Converted["_TextButton"].BorderSizePixel = 0
Converted["_TextButton"].Size = UDim2.new(1, 0, 1, 0)
Converted["_TextButton"].Parent = Converted["_TTJY HUB"]

Converted["_UIStroke1"].LineJoinMode = Enum.LineJoinMode.Bevel
Converted["_UIStroke1"].Parent = Converted["_TextButton"]

Converted["_Stop Hop"].BackgroundColor3 = Color3.fromRGB(56.0000042617321, 56.0000042617321, 56.0000042617321)
Converted["_Stop Hop"].BackgroundTransparency = 0.4000000059604645
Converted["_Stop Hop"].BorderColor3 = Color3.fromRGB(0, 0, 0)
Converted["_Stop Hop"].BorderSizePixel = 0
Converted["_Stop Hop"].Position = UDim2.new(0.39443019, 0, -0.1, 0)
Converted["_Stop Hop"].Size = UDim2.new(0.0700000003, 0, 0.100000001, 0)
Converted["_Stop Hop"].ZIndex = 2
Converted["_Stop Hop"].Name = "PAUSE Hop"
Converted["_Stop Hop"].Parent = Converted["_TTJY ASSET"]

Converted["_UIStroke2"].LineJoinMode = Enum.LineJoinMode.Bevel
Converted["_UIStroke2"].Thickness = 3
Converted["_UIStroke2"].Parent = Converted["_Stop Hop"]

Converted["_UICorner1"].Parent = Converted["_Stop Hop"]

Converted["_TextButton1"].Font = Enum.Font.SourceSans
Converted["_TextButton1"].Text = "STOP HOP"
Converted["_TextButton1"].TextColor3 = Color3.fromRGB(255, 0, 0)
Converted["_TextButton1"].TextScaled = true
Converted["_TextButton1"].TextSize = 14
Converted["_TextButton1"].TextWrapped = true
Converted["_TextButton1"].BackgroundColor3 = Color3.fromRGB(255, 255, 255)
Converted["_TextButton1"].BackgroundTransparency = 1
Converted["_TextButton1"].BorderColor3 = Color3.fromRGB(0, 0, 0)
Converted["_TextButton1"].BorderSizePixel = 0
Converted["_TextButton1"].Size = UDim2.new(1, 0, 1, 0)
Converted["_TextButton1"].Parent = Converted["_Stop Hop"]

Converted["_UIStroke3"].LineJoinMode = Enum.LineJoinMode.Bevel
Converted["_UIStroke3"].Parent = Converted["_TextButton1"]

Converted["_STOP TP"].BackgroundColor3 = Color3.fromRGB(56.0000042617321, 56.0000042617321, 56.0000042617321)
Converted["_STOP TP"].BackgroundTransparency = 0.4000000059604645
Converted["_STOP TP"].BorderColor3 = Color3.fromRGB(0, 0, 0)
Converted["_STOP TP"].BorderSizePixel = 0
Converted["_STOP TP"].Position = UDim2.new(0.534916341, 0, -0.1, 0)
Converted["_STOP TP"].Size = UDim2.new(0.0700000003, 0, 0.100000001, 0)
Converted["_STOP TP"].ZIndex = 2
Converted["_STOP TP"].Name = "STOP TP"
Converted["_STOP TP"].Parent = Converted["_TTJY ASSET"]

Converted["_UIStroke4"].LineJoinMode = Enum.LineJoinMode.Bevel
Converted["_UIStroke4"].Thickness = 3
Converted["_UIStroke4"].Parent = Converted["_STOP TP"]

Converted["_UICorner2"].Parent = Converted["_STOP TP"]

Converted["_TextButton2"].Font = Enum.Font.SourceSans
Converted["_TextButton2"].Text = "STOP TP"
Converted["_TextButton2"].TextColor3 = Color3.fromRGB(255, 0, 0)
Converted["_TextButton2"].TextScaled = true
Converted["_TextButton2"].TextSize = 14
Converted["_TextButton2"].TextWrapped = true
Converted["_TextButton2"].BackgroundColor3 = Color3.fromRGB(255, 255, 255)
Converted["_TextButton2"].BackgroundTransparency = 1
Converted["_TextButton2"].BorderColor3 = Color3.fromRGB(0, 0, 0)
Converted["_TextButton2"].BorderSizePixel = 0
Converted["_TextButton2"].Size = UDim2.new(1, 0, 1, 0)
Converted["_TextButton2"].Parent = Converted["_STOP TP"]

Converted["_UIStroke5"].LineJoinMode = Enum.LineJoinMode.Bevel
Converted["_UIStroke5"].Parent = Converted["_TextButton2"]

Converted["_STATUS"].BackgroundColor3 = Color3.fromRGB(56.0000042617321, 56.0000042617321, 56.0000042617321)
Converted["_STATUS"].BackgroundTransparency = 0.4000000059604645
Converted["_STATUS"].BorderColor3 = Color3.fromRGB(0, 0, 0)
Converted["_STATUS"].BorderSizePixel = 0
Converted["_STATUS"].Position = UDim2.new(0.615287483, 0, -0.05, 0)
Converted["_STATUS"].Size = UDim2.new(0.0203398019, 0, 0.0497226082, 0)
Converted["_STATUS"].ZIndex = 2
Converted["_STATUS"].Name = "STATUS"
Converted["_STATUS"].Parent = Converted["_TTJY ASSET"]

Converted["_UIStroke6"].LineJoinMode = Enum.LineJoinMode.Bevel
Converted["_UIStroke6"].Thickness = 3
Converted["_UIStroke6"].Parent = Converted["_STATUS"]

Converted["_UICorner3"].Parent = Converted["_STATUS"]

Converted["_ImageButton"].Image = "http://www.roblox.com/asset/?id=16586323338"
Converted["_ImageButton"].BackgroundColor3 = Color3.fromRGB(255, 255, 255)
Converted["_ImageButton"].BackgroundTransparency = 1
Converted["_ImageButton"].BorderColor3 = Color3.fromRGB(0, 0, 0)
Converted["_ImageButton"].BorderSizePixel = 0
Converted["_ImageButton"].Size = UDim2.new(1, 0, 1, 0)
Converted["_ImageButton"].Parent = Converted["_STATUS"]

task.wait()
TTJYHUB = Converted["_TextButton"]
STOPTP = Converted["_TextButton2"]
STOPHOP = Converted["_TextButton1"]
STATUS = Converted["_ImageButton"]

--[[
$$\    $$\  $$$$$$\  $$$$$$$\  $$$$$$\  $$$$$$\  $$$$$$$\  $$\       $$$$$$$$\  $$$$$$\  
$$ |   $$ |$$  __$$\ $$  __$$\ \_$$  _|$$  __$$\ $$  __$$\ $$ |      $$  _____|$$  __$$\ 
$$ |   $$ |$$ /  $$ |$$ |  $$ |  $$ |  $$ /  $$ |$$ |  $$ |$$ |      $$ |      $$ /  \__|
\$$\  $$  |$$$$$$$$ |$$$$$$$  |  $$ |  $$$$$$$$ |$$$$$$$\ |$$ |      $$$$$\    \$$$$$$\  
 \$$\$$  / $$  __$$ |$$  __$$<   $$ |  $$  __$$ |$$  __$$\ $$ |      $$  __|    \____$$\ 
  \$$$  /  $$ |  $$ |$$ |  $$ |  $$ |  $$ |  $$ |$$ |  $$ |$$ |      $$ |      $$\   $$ |
   \$  /   $$ |  $$ |$$ |  $$ |$$$$$$\ $$ |  $$ |$$$$$$$  |$$$$$$$$\ $$$$$$$$\ \$$$$$$  |
    \_/    \__|  \__|\__|  \__|\______|\__|  \__|\_______/ \________|\________| \______/ 
]]

local finishload = false
local Setting
local fileContent
local serializedSetting
local allowtoserialized = false
local StopAllHop = false
local Attack = false
local float = false
local NameQuest = nil
local QuestLv = nil
local NameMon = nil
local CFrameQ = nil
local CFrameMon = nil
local CFrameBoss = nil
local CFrameQBoss = nil
local NameBoss = nil
local CFrameTargetTp = nil
local SelectTpSpot = nil
local MobHumP = nil
local KillAuraS = false
local FirstMob = nil
local BringMob = false
local IsWeaponBusy = false
local IsAutoFarmBusy = false
local InstanceTp
local ConnectForChest
local placeId = game.PlaceId
local player = game.Players.LocalPlayer
local character = player.Character
local workspace = game:GetService("Workspace")
local RunService = game:GetService("RunService")
local ReplicatedStorage = game:GetService("ReplicatedStorage")
local VM = game:GetService("VirtualInputManager")
local Lv = player.Data.Level.Value
local Backpack = player.Backpack
local WorldOrigin = workspace["_WorldOrigin"]
local CoreGui = game.CoreGui
local PlayerGui = player.PlayerGui
local CommF = ReplicatedStorage.Remotes.CommF_
local CommE = ReplicatedStorage.Remotes.CommE
local WeaponBackpack = {}
local CONTROL = {F = 0, B = 0, L = 0, R = 0, Q = 0, E = 0}
uis = game:GetService("UserInputService")
local FLYING = false
local cmdp = game:GetService("Players")
local cmdlp = cmdp.LocalPlayer
local player = cmdlp
local cmdl = game:GetService("Lighting")
local cmdrs = game:GetService("ReplicatedStorage")
local cmdrs2 = game:GetService("RunService")
local cmdts = game:GetService("TweenService")
local cmdvu = game:GetService("VirtualUser")
local cmduis = game:GetService("UserInputService")
local Mouses = cmdlp:GetMouse()
cmdm = Mouses
speedofthevfly = 1
speedofthefly = 1
local AllBossNameSea1 = {"Saber Expert", "The Saw", "Greybeard", "The Gorilla King", "Bobby", "Yeti", "Mob Leader", "Vice Admiral", "Warden", "Chief Warden", "Swan", "Magma Admiral", "Fishman Lord", "Wysper", "Thunder God", "Cyborg"}
if not isfolder("Setting") then
    makefolder("Setting")
end
task.wait()
if isfolder("Setting") and not isfile("Setting/setting.json") then
    print("no file")
    Setting = {
        SelectWeapon = nil,
        AutoFarmLevel = false,
        AutoFarmAura = false,
        AutoMaterial = false,
        AuraMaterialType1 = false,
        AutoBuso = false,
        AutoKen = false,
        Attack = false,
        AutoFarmPosY = 10,
        AutoFarmPosX = 0,
        AutoFarmPosZ = 0,
        TeleportSpeedAutoFarm = 5,
        AutoFarmAuraDistance = 3000,
        TryNumOfthis1 = 0,
        CustomQuest = false,
        BringMob = false,
        BringMob2 = false,
        BringMob3 = false,
        BringMobDistance = 300,
        SelectMob = nil,
        AutoFarmSelectMob = false,
        SelectBoss = nil,
        AutoFarmAllBoss = false,
        UseSkill = false,
        AutoFarmSelectBoss = false,
        AutoFarmFruitMastery = false,
        SkillZ = true,
        SkillX = true,
        SkillC = true,
        SkillV = true,
        KillAt = 30,
        PauseAutoEqu = false,
        PosMobMasteryFruit = nil,
        PosMobMasteryGun = nil,
        FruitToStore = nil,
        TpToFruit = false,
        CancelTpToFruit = false,
        BringFruit = false,
        AutoRandomFruit = false,
        AutoStoreFruit = false,
        AutoDropFruit = false,
        SelectFruitToSnipe = false,
        AutoSea2 = false,
        RemoveAnim = false,
        StatsValue = 1,
        MeleeStats = false,
        DefenseStats = false,
        SwordStats = false,
        GunStats = false,
        BloxFruitStats = false,
        YourRace = nil,
        YourRace2 = nil,
        AutoRaceV2 = false,
        AutoRaceV3 = false,
        AutoRaceV4 = false,
        KillAura = false,
        AutoRaid = false,
        SelectedRaid = nil,
        SelectedRaid2 = nil,
        TeleportToNEXTIslandSpeed = 7,
        AutoRaidPosY = 0,
        AutoRaidPosX = 0,
        AutoRaidPosZ = 0,
        DMGAura = false,
        DMGAura2 = false,
        DMGAura3 = false,
        AutoBartilo = false,
        AutoFarmObservationHop = false,
        AutoFarmObservation = false,
        AutoRichManMission = false,
        AutoBone = false,
        TeleportToNextIsland = false,
        AutoSaber = false,
        AutoSpikeyTrident = false,
        AutoTwinHooks = false,
        AutoTwinHooksHop = false,
        AutoSharkSaw = false,
        AutoSharkSawHop = false,
        AutoWardensSword = false,
        AutoWardensSwordHop = false,
        AutoGravityCane = false,
        AutoGravityCaneHop = false,
        AutoLongsword = false,
        AutoLongswordHop = false,
        AutoJitte = false,
        AutoJitteHop = false,
        AutoBuddySword = false,
        AutoBuddySwordHop = false,
        AutoHallowScythe = false,
        AutoHallowScytheHop = false,
        AutoDarkDagger = false,
        AutoDarkDaggerHop = false,
        AutoYama = false,
        AutoDragonTrident = false,
        AutoDragonTridentHop = false,
        AutoLegendarySword = false,
        AutoLegendarySwordHop = false,
        AutoRengoku = false,
        AutoPole = false,
        AutoPoleHop = false,
        AutoSaberHop = false,
        AutoCanvander = false,
        AutoCanvanderHop = false,
        SelectSeaLevel = "4",
        AutoSeaEvent = false,
        SelectShipISeaEvent = "PirateSloop",
        IgnoreSeaEventList = {"nil", "nil"},
        DMGAura4 = false,
        WaitBRUH = false,
        ToggleWalkSpeed = false,
        WalkSpeedSet = 16,
        ToggleJumpPower = false,
        JumpPowerSet = 52,
        AutoFarmBounty = false,
        DMGAura5 = false,
        AutoBountyTeleportSpeed = 5,
        UseMeleeOnly = false,
        ErrorAndTrial = 0,
        MaxErrorAndTrial = 87000,
        KeepSafeHealth = 3500,
        AutoKennWhenAutoBounty = false,
        UseRaceWhenAutoBounty = false,
        AutoFarmBountyHop = false,
        chestcollect = 0,
        AutoNormalChest = false,
        AutoDetailChest = false,
        StackableSetting = true,
        CurrentTargetIsland = nil,
        UnlockPortal = false,
    }
    allowtoserialized = true
elseif isfolder("Setting") and isfile("Setting/setting.json") then
    print("file")
    fileContent = readfile("Setting/setting.json")
    task.wait()
    Setting = game.HttpService:JSONDecode(fileContent)
end
task.wait()
local credits = {
    {Title = "Owner", Content = "ttjy."},
    {Title = "Co Owner", Content = "ttjy#1778"},
    {Title = "Scripter", Content = "ttjy."},
    {Title = "Scripter", Content = "ttjy#1778"},
    {Title = "Scripter", Content = "ombre.yz - Uranium Hub"},
    {Title = "Bypasser", Content = "ttjy."},
    {Title = "Bypasser", Content = "ombre.yz - Uranium Hub"},
    {Title = "Bypasser", Content = "sa.l"},
    {Title = "Key System", Content = "sa.l"},
    {Title = "Ui", Content = "dawid"},
}
Old_World = false
New_World = false
Third_World = false
if placeId == 2753915549 then
    Old_World = true
elseif placeId == 4442272183 then
    New_World = true
elseif placeId == 7449423635 then
    Third_World = true
end

--[[
$$$$$$$$\ $$\   $$\ $$\   $$\  $$$$$$\ $$$$$$$$\ $$$$$$\  $$$$$$\  $$\   $$\  $$$$$$\  
$$  _____|$$ |  $$ |$$$\  $$ |$$  __$$\\__$$  __|\_$$  _|$$  __$$\ $$$\  $$ |$$  __$$\ 
$$ |      $$ |  $$ |$$$$\ $$ |$$ /  \__|  $$ |     $$ |  $$ /  $$ |$$$$\ $$ |$$ /  \__|
$$$$$\    $$ |  $$ |$$ $$\$$ |$$ |        $$ |     $$ |  $$ |  $$ |$$ $$\$$ |\$$$$$$\  
$$  __|   $$ |  $$ |$$ \$$$$ |$$ |        $$ |     $$ |  $$ |  $$ |$$ \$$$$ | \____$$\ 
$$ |      $$ |  $$ |$$ |\$$$ |$$ |  $$\   $$ |     $$ |  $$ |  $$ |$$ |\$$$ |$$\   $$ |
$$ |      \$$$$$$  |$$ | \$$ |\$$$$$$  |  $$ |   $$$$$$\  $$$$$$  |$$ | \$$ |\$$$$$$  |
\__|       \______/ \__|  \__| \______/   \__|   \______| \______/ \__|  \__| \______/ 
]]
local function CheckQuestBoss()
	if Old_World then
		if Setting.SelectBoss == "Saber Expert" then
			MsBoss = "Saber Expert"
			NameBoss = "Saber Expert"
			CFrameBoss = CFrame.new(-1458.89502, 29.8870335, -50.633564, 0.858821094, 1.13848939e-08, 0.512275636, -4.85649254e-09, 1, -1.40823326e-08, -0.512275636, 9.6063415e-09, 0.858821094)
		elseif Setting.SelectBoss == "The Saw" then
			MsBoss = "The Saw"
			NameBoss = "The Saw"
			CFrameBoss = CFrame.new(-683.519897, 13.8534927, 1610.87854, -0.290192783, 6.88365773e-08, 0.956968188, 6.98413629e-08, 1, -5.07531119e-08, -0.956968188, 5.21077759e-08, -0.290192783)
		elseif Setting.SelectBoss == "Greybeard" then
			MsBoss = "Greybeard [Lv. 750] [Raid Boss]"
			NameBoss = "Greybeard"
			CFrameBoss = CFrame.new(-4955.72949, 80.8163834, 4305.82666, -0.433646321, -1.03394289e-08, 0.901083171, -3.0443168e-08, 1, -3.17633075e-09, -0.901083171, -2.88092288e-08, -0.433646321)
		elseif Setting.SelectBoss == "The Gorilla King" then
			MsBoss = "The Gorilla King [Lv. 25] [Boss]" 
			NameBoss = "The Gorilla King"
			NameQuestBoss = "JungleQuest"
			QuestLvBoss = 3
			CFrameQBoss = CFrame.new(-1604.12012, 36.8521118, 154.23732, 0.0648873374, -4.70858913e-06, -0.997892559, 1.41431883e-07, 1, -4.70933674e-06, 0.997892559, 1.64442184e-07, 0.0648873374)
			CFrameBoss = CFrame.new(-1223.52808, 6.27936459, -502.292664, 0.310949147, -5.66602516e-08, 0.950426519, -3.37275488e-08, 1, 7.06501808e-08, -0.950426519, -5.40241736e-08, 0.310949147)
		elseif Setting.SelectBoss == "Bobby" then
			MsBoss = "Bobby [Lv. 55] [Boss]"
			NameBoss = "Bobby"
			NameQuestBoss = "BuggyQuest1"
			QuestLvBoss = 3
			CFrameQBoss = CFrame.new(-1139.59717, 4.75205183, 3825.16211, -0.959730506, -7.5857054e-09, 0.280922383, -4.06310328e-08, 1, -1.11807175e-07, -0.280922383, -1.18718916e-07, -0.959730506)
			CFrameBoss = CFrame.new(-1147.65173, 32.5966301, 4156.02588, 0.956680477, -1.77109952e-10, -0.29113996, 5.16530874e-10, 1, 1.08897802e-09, 0.29113996, -1.19218679e-09, 0.956680477)
		elseif Setting.SelectBoss == "Yeti" then
			MsBoss = "Yeti [Lv. 110] [Boss]"
			NameBoss = "Yeti"
			NameQuestBoss = "SnowQuest"
			QuestLvBoss = 3
			CFrameQBoss = CFrame.new(1384.90247, 87.3078308, -1296.6825, 0.280209213, 2.72035177e-08, -0.959938943, -6.75690828e-08, 1, 8.6151708e-09, 0.959938943, 6.24481444e-08, 0.280209213)
			CFrameBoss = CFrame.new(1221.7356, 138.046906, -1488.84082, 0.349343032, -9.49245944e-08, 0.936994851, 6.29478194e-08, 1, 7.7838429e-08, -0.936994851, 3.17894653e-08, 0.349343032)

		elseif Setting.SelectBoss == "Mob Leader" then
			MsBoss = "Mob Leader [Lv. 120] [Boss]"
			NameBoss = "Mob Leader"
			CFrameBoss = CFrame.new(-2848.59399, 7.4272871, 5342.44043, -0.928248107, -8.7248246e-08, 0.371961564, -7.61816636e-08, 1, 4.44474857e-08, -0.371961564, 1.29216433e-08, -0.92824)
		elseif Setting.SelectBoss == "Vice Admiral" then
			MsBoss = "Vice Admiral [Lv. 130] [Boss]"
			NameBoss = "Vice Admiral"
			NameQuestBoss = "MarineQuest2"
			QuestLvBoss = 2
			CFrameQBoss = CFrame.new(-5035.42285, 28.6520386, 4324.50293, -0.0611100644, -8.08395768e-08, 0.998130739, -1.57416586e-08, 1, 8.00271849e-08, -0.998130739, -1.08217701e-08, -0.0611100644)
			CFrameBoss = CFrame.new(-5078.45898, 99.6520691, 4402.1665, -0.555574954, -9.88630566e-11, 0.831466436, -6.35508286e-08, 1, -4.23449258e-08, -0.831466436, -7.63661632e-08, -0.555574954)
		elseif Setting.SelectBoss == "Warden" then
			MsBoss = "Warden [Lv. 220] [Boss]"
			NameBoss = "Warden"
			NameQuestBoss = "ImpelQuest"
			QuestLvBoss = 1
			CFrameQBoss = CFrame.new(4851.35059, 5.68744135, 743.251282, -0.538484037, -6.68303741e-08, -0.842635691, 1.38001752e-08, 1, -8.81300792e-08, 0.842635691, -5.90851599e-08, -0.538484037)
			CFrameBoss = CFrame.new(5232.5625, 5.26856995, 747.506897, 0.943829298, -4.5439414e-08, 0.330433697, 3.47818627e-08, 1, 3.81658154e-08, -0.330433697, -2.45289105e-08, 0.943829298)
		elseif Setting.SelectBoss == "Chief Warden" then
			MsBoss = "Chief Warden [Lv. 230] [Boss]"
			NameBoss = "Chief Warden"
			NameQuestBoss = "ImpelQuest"
			QuestLvBoss = 2
			CFrameQBoss = CFrame.new(4851.35059, 5.68744135, 743.251282, -0.538484037, -6.68303741e-08, -0.842635691, 1.38001752e-08, 1, -8.81300792e-08, 0.842635691, -5.90851599e-08, -0.538484037)
			CFrameBoss = CFrame.new(5232.5625, 5.26856995, 747.506897, 0.943829298, -4.5439414e-08, 0.330433697, 3.47818627e-08, 1, 3.81658154e-08, -0.330433697, -2.45289105e-08, 0.943829298)
		elseif Setting.SelectBoss == "Swan" then
			MsBoss = "Swan [Lv. 240] [Boss]"
			NameBoss = "Swan"
			NameQuestBoss = "ImpelQuest"
			QuestLvBoss = 3
			CFrameQBoss = CFrame.new(4851.35059, 5.68744135, 743.251282, -0.538484037, -6.68303741e-08, -0.842635691, 1.38001752e-08, 1, -8.81300792e-08, 0.842635691, -5.90851599e-08, -0.538484037)
			CFrameBoss = CFrame.new(5232.5625, 5.26856995, 747.506897, 0.943829298, -4.5439414e-08, 0.330433697, 3.47818627e-08, 1, 3.81658154e-08, -0.330433697, -2.45289105e-08, 0.943829298)

		elseif Setting.SelectBoss == "Magma Admiral" then
			MsBoss = "Magma Admiral [Lv. 350] [Boss]"
			NameBoss = "Magma Admiral"
			NameQuestBoss = "MagmaQuest"
			QuestLvBoss = 3
			CFrameQBoss = CFrame.new(-5317.07666, 12.2721891, 8517.41699, 0.51175487, -2.65508806e-08, -0.859131515, -3.91131572e-08, 1, -5.42026761e-08, 0.859131515, 6.13418294e-08, 0.51175487)
			CFrameBoss = CFrame.new(-5530.12646, 22.8769703, 8859.91309, 0.857838571, 2.23414389e-08, 0.513919294, 1.53689133e-08, 1, -6.91265853e-08, -0.513919294, 6.71978384e-08, 0.857838571)

		elseif Setting.SelectBoss == "Fishman Lord" then
			MsBoss = "Fishman Lord [Lv. 425] [Boss]"
			NameBoss = "Fishman Lord"
			NameQuestBoss = "FishmanQuest"
			QuestLvBoss = 3
			CFrameQBoss = CFrame.new(61123.0859, 18.5066795, 1570.18018, 0.927145958, 1.0624845e-07, 0.374700129, -6.98219367e-08, 1, -1.10790765e-07, -0.374700129, 7.65569368e-08, 0.927145958)
			CFrameBoss = CFrame.new(61351.7773, 31.0306778, 1113.31409, 0.999974668, 0, -0.00714713801, 0, 1.00000012, 0, 0.00714714266, 0, 0.999974549)
			if (CFrameQBoss.Position - game.Players.LocalPlayer.Character.HumanoidRootPart.Position).Magnitude > 3000 then
				game:GetService("ReplicatedStorage").Remotes.CommF_:InvokeServer("requestEntrance",Vector3.new(61163.8515625, 11.6796875, 1819.7841796875))
			end
		elseif Setting.SelectBoss == "Wysper" then
			MsBoss = "Wysper [Lv. 500] [Boss]"
			NameBoss = "Wysper"
			NameQuestBoss = "SkyExp1Quest"
			QuestLvBoss = 3
			CFrameQBoss = CFrame.new(-7862.94629, 5545.52832, -379.833954, 0.462944925, 1.45838088e-08, -0.886386991, 1.0534996e-08, 1, 2.19553424e-08, 0.886386991, -1.95022007e-08, 0.462944925)
			CFrameBoss = CFrame.new(-7925.48389, 5550.76074, -636.178345, 0.716468513, -1.22915289e-09, 0.697619379, 3.37381434e-09, 1, -1.70304748e-09, -0.697619379, 3.57381835e-09, 0.716468513)
			if (CFrameQBoss.Position - game.Players.LocalPlayer.Character.HumanoidRootPart.Position).Magnitude > 3000 then
				game:GetService("ReplicatedStorage").Remotes.CommF_:InvokeServer("requestEntrance",Vector3.new(-4607.82275, 872.54248, -1667.55688))
			end
		elseif Setting.SelectBoss == "Thunder God" then
			MsBoss = "Thunder God [Lv. 575] [Boss]"
			NameBoss = "Thunder God"
			NameQuestBoss = "SkyExp2Quest"
			QuestLvBoss = 3
			CFrameQBoss = CFrame.new(-7902.78613, 5635.99902, -1411.98706, -0.0361216255, -1.16895912e-07, 0.999347389, 1.44533963e-09, 1, 1.17024491e-07, -0.999347389, 5.6715117e-09, -0.0361216255)
			CFrameBoss = CFrame.new(-7917.53613, 5616.61377, -2277.78564, 0.965189934, 4.80563429e-08, -0.261550069, -6.73089886e-08, 1, -6.46515304e-08, 0.261550069, 8.00056768e-08, 0.965189934)

		elseif Setting.SelectBoss == "Cyborg" then
			MsBoss = "Cyborg [Lv. 675] [Boss]"
			NameBoss = "Cyborg"
			NameQuestBoss = "FountainQuest"
			QuestLvBoss = 3
			CFrameQBoss = CFrame.new(5253.54834, 38.5361786, 4050.45166, -0.0112687312, -9.93677887e-08, -0.999936521, 2.55291371e-10, 1, -9.93769547e-08, 0.999936521, -1.37512213e-09, -0.0112687312)
			CFrameBoss = CFrame.new(6041.82813, 52.7112198, 3907.45142, -0.563162148, 1.73805248e-09, -0.826346457, -5.94632716e-08, 1, 4.26280238e-08, 0.826346457, 7.31437524e-08, -0.563162148)

		end
	elseif New_World then
		-- New World
		if Setting.SelectBoss == "Diamond" then
			MsBoss = "Diamond [Lv. 750] [Boss]"
			NameBoss = "Diamond"
			NameQuestBoss = "Area1Quest"
			QuestLvBoss = 3
			CFrameQBoss = CFrame.new(-424.080078, 73.0055847, 1836.91589, 0.253544956, -1.42165932e-08, 0.967323601, -6.00147771e-08, 1, 3.04272909e-08, -0.967323601, -6.5768397e-08, 0.253544956)
			CFrameBoss = CFrame.new(-1736.26587, 198.627731, -236.412857, -0.997808516, 0, -0.0661673471, 0, 1, 0, 0.0661673471, 0, -0.997808516)

		elseif Setting.SelectBoss == "Jeremy" then
			MsBoss = "Jeremy [Lv. 850] [Boss]"
			NameBoss = "Jeremy"
			NameQuestBoss = "Area2Quest"
			QuestLvBoss = 3
			CFrameQBoss = CFrame.new(632.698608, 73.1055908, 918.666321, -0.0319722369, 8.96074881e-10, -0.999488771, 1.36326533e-10, 1, 8.92172336e-10, 0.999488771, -1.07732087e-10, -0.0319722369)
			CFrameBoss = CFrame.new(2203.76953, 448.966034, 752.731079, -0.0217453763, 0, -0.999763548, 0, 1, 0, 0.999763548, 0, -0.0217453763)

		elseif Setting.SelectBoss == "Fajita" then
			MsBoss = "Fajita [Lv. 925] [Boss]"
			NameBoss = "Fajita"
			NameQuestBoss = "MarineQuest3"
			QuestLvBoss = 3
			CFrameQBoss = CFrame.new(-2442.65015, 73.0511475, -3219.11523, -0.873540044, 4.2329841e-08, -0.486752301, 5.64383384e-08, 1, -1.43220786e-08, 0.486752301, -3.99823996e-08, -0.873540044)
			CFrameBoss = CFrame.new(-2297.40332, 115.449463, -3946.53833, 0.961227536, -1.46645796e-09, -0.275756449, -2.3212845e-09, 1, -1.34094433e-08, 0.275756449, 1.35296352e-08, 0.961227536)

		elseif Setting.SelectBoss == "Don Swan" then
			MsBoss = "Don Swan [Lv. 1000] [Boss]"
			NameBoss = "Don Swan"
			CFrameBoss = CFrame.new(2288.802, 15.1870775, 863.034607, 0.99974072, -8.41247214e-08, -0.0227668174, 8.4774733e-08, 1, 2.75850098e-08, 0.0227668174, -2.95079072e-08, 0.99974072)

		elseif Setting.SelectBoss == "Smoke Admiral" then
			MsBoss = "Smoke Admiral [Lv. 1150] [Boss]"
			NameBoss = "Smoke Admiral"
			NameQuestBoss = "IceSideQuest"
			QuestLvBoss = 3
			CFrameQBoss = CFrame.new(-6059.96191, 15.9868021, -4904.7373, -0.444992423, -3.0874483e-09, 0.895534337, -3.64098796e-08, 1, -1.4644522e-08, -0.895534337, -3.91229982e-08, -0.444992423)
			CFrameBoss = CFrame.new(-5115.72754, 23.7664986, -5338.2207, 0.251453817, 1.48345061e-08, -0.967869282, 4.02796978e-08, 1, 2.57916977e-08, 0.967869282, -4.54708946e-08, 0.251453817)

		elseif Setting.SelectBoss == "Cursed Captain" then
			MsBoss = "Cursed Captain [Lv. 1325] [Raid Boss]"
			NameBoss = "Cursed Captain"
			CFrameBoss = CFrame.new(916.928589, 181.092773, 33422, -0.999505103, 9.26310495e-09, 0.0314563364, 8.42916226e-09, 1, -2.6643713e-08, -0.0314563364, -2.63653774e-08, -0.999505103)
		elseif Setting.SelectBoss == "Darkbeard" then
			MsBoss = "Darkbeard [Lv. 1000] [Raid Boss]"
			NameBoss = "Darkbeard"
			CFrameBoss = CFrame.new(3876.00366, 24.6882591, -3820.21777, -0.976951957, 4.97356325e-08, 0.213458836, 4.57335361e-08, 1, -2.36868622e-08, -0.213458836, -1.33787044e-08, -0.976951957)
		elseif Setting.SelectBoss == "Order" then
			MsBoss = "Order [Lv. 1250] [Raid Boss]"
			NameBoss = "Order"
			CFrameBoss = CFrame.new(-6221.15039, 16.2351036, -5045.23584, -0.380726993, 7.41463495e-08, 0.924687505, 5.85604774e-08, 1, -5.60738549e-08, -0.924687505, 3.28013137e-08, -0.380726993)
		elseif Setting.SelectBoss == "Awakened Ice Admiral" then
			MsBoss = "Awakened Ice Admiral [Lv. 1400] [Boss]"
			NameBoss = "Awakened Ice Admiral"
			NameQuestBoss = "FrostQuest"
			QuestLvBoss = 3
			CFrameQBoss = CFrame.new(5669.33203, 28.2118053, -6481.55908, 0.921275556, -1.25320829e-08, 0.388910472, 4.72230788e-08, 1, -7.96414241e-08, -0.388910472, 9.17372489e-08, 0.921275556)
			CFrameBoss = CFrame.new(6407.33936, 340.223785, -6892.521, 0.49051559, -5.25310213e-08, -0.871432424, -2.76146022e-08, 1, -7.58250565e-08, 0.871432424, 6.12576301e-08, 0.49051559)

		elseif Setting.SelectBoss == "Tide Keeper" then
			MsBoss = "Tide Keeper [Lv. 1475] [Boss]"
			NameBoss = "Tide Keeper"
			NameQuestBoss = "ForgottenQuest"             
			QuestLvBoss = 3
			CFrameQBoss = CFrame.new(-3053.89648, 236.881363, -10148.2324, -0.985987961, -3.58504737e-09, 0.16681771, -3.07832915e-09, 1, 3.29612559e-09, -0.16681771, 2.73641976e-09, -0.985987961)
			CFrameBoss = CFrame.new(-3570.18652, 123.328949, -11555.9072, 0.465199202, -1.3857326e-08, 0.885206044, 4.0332897e-09, 1, 1.35347511e-08, -0.885206044, -2.72606271e-09, 0.465199202)

		end
	elseif Third_World then
		-- Third World
		if Setting.SelectBoss == "Stone" then
			MsBoss = "Stone [Lv. 1550] [Boss]"
			NameBoss = "Stone"
			NameQuestBoss = "PiratePortQuest"             
			QuestLvBoss = 3
			CFrameQBoss = CFrame.new(-290, 44, 5577)
			CFrameBoss = CFrame.new(-1085, 40, 6779)

		elseif Setting.SelectBoss == "Island Empress" then
			MsBoss = "Island Empress [Lv. 1675] [Boss]"
			NameBoss = "Island Empress"
			NameQuestBoss = "AmazonQuest2"             
			QuestLvBoss = 3
			CFrameQBoss = CFrame.new(5443, 602, 752)
			CFrameBoss = CFrame.new(5659, 602, 244)

		elseif Setting.SelectBoss == "Kilo Admiral" then
			MsBoss = "Kilo Admiral [Lv. 1750] [Boss]"
			NameBoss = "Kilo Admiral"
			NameQuestBoss = "MarineTreeIsland"             
			QuestLvBoss = 3
			CFrameQBoss = CFrame.new(2178, 29, -6737)
			CFrameBoss =CFrame.new(2846, 433, -7100)

		elseif Setting.SelectBoss == "Captain Elephant" then
			MsBoss = "Captain Elephant [Lv. 1875] [Boss]"
			NameBoss = "Captain Elephant"
			NameQuestBoss = "DeepForestIsland"             
			QuestLvBoss = 3
			CFrameQBoss = CFrame.new(-13232, 333, -7631)
			CFrameBoss = CFrame.new(-13221, 325, -8405)

		elseif Setting.SelectBoss == "Beautiful Pirate" then
			MsBoss = "Beautiful Pirate [Lv. 1950] [Boss]"
			NameBoss = "Beautiful Pirate"
			NameQuestBoss = "DeepForestIsland2"             
			QuestLvBoss = 3
			CFrameQBoss = CFrame.new(-12686, 391, -9902)
			CFrameBoss = CFrame.new(5182, 23, -20)

		elseif Setting.SelectBoss == "rip_indra True Form" then
			MsBoss = "rip_indra True Form [Lv. 5000] [Raid Boss]"
			NameBoss = "rip_indra True Form"
			CFrameBoss = CFrame.new(-5359, 424, -2735)

		elseif Setting.SelectBoss == "Longma" then
			MsBoss = "Longma [Lv. 2000] [Boss]"
			NameBoss = "Longma"
			CFrameBoss = CFrame.new(-10248.3936, 353.79129, -9306.34473)

		elseif Setting.SelectBoss == "Soul Reaper" then
			MsBoss = "Soul Reaper [Lv. 2100] [Raid Boss]"
			NameBoss = "Soul Reaper"
			CFrameBoss = CFrame.new(-9515.62109, 315.925537, 6691.12012)

		elseif Setting.SelectBoss == "Cake Queen" then
			MsBoss = "Cake Queen [Lv. 2175] [Boss]"
			NameBoss = "Cake Queen"
			NameQuestBoss = "IceCreamIslandQuest"             
			QuestLvBoss = 3
			CFrameQBoss = CFrame.new(-821.267456, 65.9448776, -10964.3994, 0.814093888, -3.67296735e-08, -0.58073324, 3.30765637e-08, 1, -1.6879099e-08, 0.58073324, -5.46748513e-09, 0.814093888)
			CFrameBoss = CFrame.new(-715.467102, 381.69104, -11019.8896, 0.955998719, -1.07319993e-08, -0.293370903, 5.00311881e-09, 1, -2.02781667e-08, 0.293370903, 1.7918131e-08, 0.955998719)
		end
	end
end
local function FindTargetBoss(value)
	if Old_World then
		if tostring(value) == "Saber Expert" then
			MsBoss = "Saber Expert"
			NameBoss = "Saber Expert"
			CFrameBoss = CFrame.new(-1458.89502, 29.8870335, -50.633564, 0.858821094, 1.13848939e-08, 0.512275636, -4.85649254e-09, 1, -1.40823326e-08, -0.512275636, 9.6063415e-09, 0.858821094)
		elseif tostring(value) == "The Saw" then
			MsBoss = "The Saw"
			NameBoss = "The Saw"
			CFrameBoss = CFrame.new(-683.519897, 13.8534927, 1610.87854, -0.290192783, 6.88365773e-08, 0.956968188, 6.98413629e-08, 1, -5.07531119e-08, -0.956968188, 5.21077759e-08, -0.290192783)
		elseif tostring(value) == "Greybeard" then
			MsBoss = "Greybeard [Lv. 750] [Raid Boss]"
			NameBoss = "Greybeard"
			CFrameBoss = CFrame.new(-4955.72949, 80.8163834, 4305.82666, -0.433646321, -1.03394289e-08, 0.901083171, -3.0443168e-08, 1, -3.17633075e-09, -0.901083171, -2.88092288e-08, -0.433646321)
		elseif tostring(value) == "The Gorilla King" then
			MsBoss = "The Gorilla King [Lv. 25] [Boss]" 
			NameBoss = "The Gorilla King"
			NameQuestBoss = "JungleQuest"
			QuestLvBoss = 3
			CFrameQBoss = CFrame.new(-1604.12012, 36.8521118, 154.23732, 0.0648873374, -4.70858913e-06, -0.997892559, 1.41431883e-07, 1, -4.70933674e-06, 0.997892559, 1.64442184e-07, 0.0648873374)
			CFrameBoss = CFrame.new(-1223.52808, 6.27936459, -502.292664, 0.310949147, -5.66602516e-08, 0.950426519, -3.37275488e-08, 1, 7.06501808e-08, -0.950426519, -5.40241736e-08, 0.310949147)
		elseif tostring(value) == "Bobby" then
			MsBoss = "Bobby [Lv. 55] [Boss]"
			NameBoss = "Bobby"
			NameQuestBoss = "BuggyQuest1"
			QuestLvBoss = 3
			CFrameQBoss = CFrame.new(-1139.59717, 4.75205183, 3825.16211, -0.959730506, -7.5857054e-09, 0.280922383, -4.06310328e-08, 1, -1.11807175e-07, -0.280922383, -1.18718916e-07, -0.959730506)
			CFrameBoss = CFrame.new(-1147.65173, 32.5966301, 4156.02588, 0.956680477, -1.77109952e-10, -0.29113996, 5.16530874e-10, 1, 1.08897802e-09, 0.29113996, -1.19218679e-09, 0.956680477)
		elseif tostring(value) == "Yeti" then
			MsBoss = "Yeti [Lv. 110] [Boss]"
			NameBoss = "Yeti"
			NameQuestBoss = "SnowQuest"
			QuestLvBoss = 3
			CFrameQBoss = CFrame.new(1384.90247, 87.3078308, -1296.6825, 0.280209213, 2.72035177e-08, -0.959938943, -6.75690828e-08, 1, 8.6151708e-09, 0.959938943, 6.24481444e-08, 0.280209213)
			CFrameBoss = CFrame.new(1221.7356, 138.046906, -1488.84082, 0.349343032, -9.49245944e-08, 0.936994851, 6.29478194e-08, 1, 7.7838429e-08, -0.936994851, 3.17894653e-08, 0.349343032)

		elseif tostring(value) == "Mob Leader" then
			MsBoss = "Mob Leader [Lv. 120] [Boss]"
			NameBoss = "Mob Leader"
			CFrameBoss = CFrame.new(-2848.59399, 7.4272871, 5342.44043, -0.928248107, -8.7248246e-08, 0.371961564, -7.61816636e-08, 1, 4.44474857e-08, -0.371961564, 1.29216433e-08, -0.92824)
		elseif tostring(value) == "Vice Admiral" then
			MsBoss = "Vice Admiral [Lv. 130] [Boss]"
			NameBoss = "Vice Admiral"
			NameQuestBoss = "MarineQuest2"
			QuestLvBoss = 2
			CFrameQBoss = CFrame.new(-5035.42285, 28.6520386, 4324.50293, -0.0611100644, -8.08395768e-08, 0.998130739, -1.57416586e-08, 1, 8.00271849e-08, -0.998130739, -1.08217701e-08, -0.0611100644)
			CFrameBoss = CFrame.new(-5078.45898, 99.6520691, 4402.1665, -0.555574954, -9.88630566e-11, 0.831466436, -6.35508286e-08, 1, -4.23449258e-08, -0.831466436, -7.63661632e-08, -0.555574954)
		elseif tostring(value) == "Warden" then
			MsBoss = "Warden [Lv. 220] [Boss]"
			NameBoss = "Warden"
			NameQuestBoss = "ImpelQuest"
			QuestLvBoss = 1
			CFrameQBoss = CFrame.new(4851.35059, 5.68744135, 743.251282, -0.538484037, -6.68303741e-08, -0.842635691, 1.38001752e-08, 1, -8.81300792e-08, 0.842635691, -5.90851599e-08, -0.538484037)
			CFrameBoss = CFrame.new(5232.5625, 5.26856995, 747.506897, 0.943829298, -4.5439414e-08, 0.330433697, 3.47818627e-08, 1, 3.81658154e-08, -0.330433697, -2.45289105e-08, 0.943829298)
		elseif tostring(value) == "Chief Warden" then
			MsBoss = "Chief Warden [Lv. 230] [Boss]"
			NameBoss = "Chief Warden"
			NameQuestBoss = "ImpelQuest"
			QuestLvBoss = 2
			CFrameQBoss = CFrame.new(4851.35059, 5.68744135, 743.251282, -0.538484037, -6.68303741e-08, -0.842635691, 1.38001752e-08, 1, -8.81300792e-08, 0.842635691, -5.90851599e-08, -0.538484037)
			CFrameBoss = CFrame.new(5232.5625, 5.26856995, 747.506897, 0.943829298, -4.5439414e-08, 0.330433697, 3.47818627e-08, 1, 3.81658154e-08, -0.330433697, -2.45289105e-08, 0.943829298)
		elseif tostring(value) == "Swan" then
			MsBoss = "Swan [Lv. 240] [Boss]"
			NameBoss = "Swan"
			NameQuestBoss = "ImpelQuest"
			QuestLvBoss = 3
			CFrameQBoss = CFrame.new(4851.35059, 5.68744135, 743.251282, -0.538484037, -6.68303741e-08, -0.842635691, 1.38001752e-08, 1, -8.81300792e-08, 0.842635691, -5.90851599e-08, -0.538484037)
			CFrameBoss = CFrame.new(5232.5625, 5.26856995, 747.506897, 0.943829298, -4.5439414e-08, 0.330433697, 3.47818627e-08, 1, 3.81658154e-08, -0.330433697, -2.45289105e-08, 0.943829298)

		elseif tostring(value) == "Magma Admiral" then
			MsBoss = "Magma Admiral [Lv. 350] [Boss]"
			NameBoss = "Magma Admiral"
			NameQuestBoss = "MagmaQuest"
			QuestLvBoss = 3
			CFrameQBoss = CFrame.new(-5317.07666, 12.2721891, 8517.41699, 0.51175487, -2.65508806e-08, -0.859131515, -3.91131572e-08, 1, -5.42026761e-08, 0.859131515, 6.13418294e-08, 0.51175487)
			CFrameBoss = CFrame.new(-5530.12646, 22.8769703, 8859.91309, 0.857838571, 2.23414389e-08, 0.513919294, 1.53689133e-08, 1, -6.91265853e-08, -0.513919294, 6.71978384e-08, 0.857838571)

		elseif tostring(value) == "Fishman Lord" then
			MsBoss = "Fishman Lord [Lv. 425] [Boss]"
			NameBoss = "Fishman Lord"
			NameQuestBoss = "FishmanQuest"
			QuestLvBoss = 3
			CFrameQBoss = CFrame.new(61123.0859, 18.5066795, 1570.18018, 0.927145958, 1.0624845e-07, 0.374700129, -6.98219367e-08, 1, -1.10790765e-07, -0.374700129, 7.65569368e-08, 0.927145958)
			CFrameBoss = CFrame.new(61351.7773, 31.0306778, 1113.31409, 0.999974668, 0, -0.00714713801, 0, 1.00000012, 0, 0.00714714266, 0, 0.999974549)
			if (CFrameQBoss.Position - game.Players.LocalPlayer.Character.HumanoidRootPart.Position).Magnitude > 3000 then
				game:GetService("ReplicatedStorage").Remotes.CommF_:InvokeServer("requestEntrance",Vector3.new(61163.8515625, 11.6796875, 1819.7841796875))
			end
